{
 "cells": [
  {
   "cell_type": "markdown",
   "metadata": {},
   "source": [
    "# Assignment 1: Numpy"
   ]
  },
  {
   "cell_type": "markdown",
   "metadata": {},
   "source": [
    "Perform the follwing tasks:\n"
   ]
  },
  {
   "cell_type": "code",
   "execution_count": 1,
   "metadata": {},
   "outputs": [],
   "source": [
    "#3.1: import the numpy library"
   ]
  },
  {
   "cell_type": "code",
   "execution_count": 2,
   "metadata": {},
   "outputs": [],
   "source": [
    "import numpy as np"
   ]
  },
  {
   "cell_type": "code",
   "execution_count": 3,
   "metadata": {},
   "outputs": [],
   "source": [
    "#3.2: create a random 10x10 array named A\n"
   ]
  },
  {
   "cell_type": "code",
   "execution_count": 4,
   "metadata": {},
   "outputs": [],
   "source": [
    "A = np.random.rand(10,10)"
   ]
  },
  {
   "cell_type": "code",
   "execution_count": 5,
   "metadata": {},
   "outputs": [
    {
     "name": "stdout",
     "output_type": "stream",
     "text": [
      "[[0.49726642 0.76315814 0.62499607 0.11355384 0.16330691 0.21726899\n",
      "  0.52696086 0.82322646 0.8057589  0.95098301]\n",
      " [0.13686215 0.28554527 0.07388105 0.28484671 0.44156073 0.10885588\n",
      "  0.88227868 0.5753119  0.66566734 0.09739751]\n",
      " [0.40102055 0.40431907 0.56887139 0.32403006 0.40557779 0.60409055\n",
      "  0.0181434  0.71973637 0.36322619 0.0929571 ]\n",
      " [0.42296273 0.64294057 0.51511349 0.95921515 0.4532527  0.13236693\n",
      "  0.39772275 0.00877207 0.3087574  0.15341044]\n",
      " [0.41165454 0.0264806  0.16323026 0.77518359 0.00263209 0.51118514\n",
      "  0.92563226 0.30425608 0.28515044 0.71016876]\n",
      " [0.43939881 0.0563623  0.21382946 0.02834793 0.14175683 0.60374637\n",
      "  0.62364177 0.78855696 0.87631896 0.07874539]\n",
      " [0.20007833 0.41714282 0.21497433 0.45044318 0.78650506 0.09073249\n",
      "  0.33227856 0.28777935 0.59027985 0.86785844]\n",
      " [0.60115847 0.81878691 0.99581116 0.60510715 0.52068065 0.75010163\n",
      "  0.54843855 0.53476029 0.45895767 0.46438718]\n",
      " [0.67620486 0.98849899 0.15784131 0.45367974 0.74476788 0.87587574\n",
      "  0.92056508 0.21565135 0.80777513 0.49536995]\n",
      " [0.13958269 0.56989056 0.15167515 0.82723876 0.04501131 0.53995667\n",
      "  0.0238156  0.05957711 0.03661843 0.43977059]]\n"
     ]
    }
   ],
   "source": [
    "print(A)"
   ]
  },
  {
   "cell_type": "code",
   "execution_count": 6,
   "metadata": {},
   "outputs": [],
   "source": [
    "#3.3: return only the odd rows of A"
   ]
  },
  {
   "cell_type": "code",
   "execution_count": 7,
   "metadata": {},
   "outputs": [
    {
     "name": "stdout",
     "output_type": "stream",
     "text": [
      "Das ist die Zeile mit dem index  1 \n",
      " [0.49726642 0.76315814 0.62499607 0.11355384 0.16330691 0.21726899\n",
      " 0.52696086 0.82322646 0.8057589  0.95098301]\n",
      "\n",
      "\n",
      "Das ist die Zeile mit dem index  2 \n",
      " [0.13686215 0.28554527 0.07388105 0.28484671 0.44156073 0.10885588\n",
      " 0.88227868 0.5753119  0.66566734 0.09739751]\n",
      "\n",
      "\n",
      "Das ist die Zeile mit dem index  3 \n",
      " [0.40102055 0.40431907 0.56887139 0.32403006 0.40557779 0.60409055\n",
      " 0.0181434  0.71973637 0.36322619 0.0929571 ]\n",
      "\n",
      "\n",
      "Das ist die Zeile mit dem index  4 \n",
      " [0.42296273 0.64294057 0.51511349 0.95921515 0.4532527  0.13236693\n",
      " 0.39772275 0.00877207 0.3087574  0.15341044]\n",
      "\n",
      "\n",
      "Das ist die Zeile mit dem index  5 \n",
      " [0.41165454 0.0264806  0.16323026 0.77518359 0.00263209 0.51118514\n",
      " 0.92563226 0.30425608 0.28515044 0.71016876]\n",
      "\n",
      "\n",
      "Das ist die Zeile mit dem index  6 \n",
      " [0.43939881 0.0563623  0.21382946 0.02834793 0.14175683 0.60374637\n",
      " 0.62364177 0.78855696 0.87631896 0.07874539]\n",
      "\n",
      "\n",
      "Das ist die Zeile mit dem index  7 \n",
      " [0.20007833 0.41714282 0.21497433 0.45044318 0.78650506 0.09073249\n",
      " 0.33227856 0.28777935 0.59027985 0.86785844]\n",
      "\n",
      "\n",
      "Das ist die Zeile mit dem index  8 \n",
      " [0.60115847 0.81878691 0.99581116 0.60510715 0.52068065 0.75010163\n",
      " 0.54843855 0.53476029 0.45895767 0.46438718]\n",
      "\n",
      "\n",
      "Das ist die Zeile mit dem index  9 \n",
      " [0.67620486 0.98849899 0.15784131 0.45367974 0.74476788 0.87587574\n",
      " 0.92056508 0.21565135 0.80777513 0.49536995]\n",
      "\n",
      "\n",
      "Das ist die Zeile mit dem index  10 \n",
      " [0.13958269 0.56989056 0.15167515 0.82723876 0.04501131 0.53995667\n",
      " 0.0238156  0.05957711 0.03661843 0.43977059]\n",
      "\n",
      "\n"
     ]
    }
   ],
   "source": [
    "i = 0\n",
    "while i<10:\n",
    "    j = i+1\n",
    "    print(\"Das ist die Zeile mit dem index \",j,\"\\n\", A[i])\n",
    "    i = i+1\n",
    "    print(\"\\n\")"
   ]
  },
  {
   "cell_type": "code",
   "execution_count": 8,
   "metadata": {},
   "outputs": [
    {
     "data": {
      "text/plain": [
       "array([[0.13686215, 0.28554527, 0.07388105, 0.28484671, 0.44156073,\n",
       "        0.10885588, 0.88227868, 0.5753119 , 0.66566734, 0.09739751],\n",
       "       [0.42296273, 0.64294057, 0.51511349, 0.95921515, 0.4532527 ,\n",
       "        0.13236693, 0.39772275, 0.00877207, 0.3087574 , 0.15341044],\n",
       "       [0.43939881, 0.0563623 , 0.21382946, 0.02834793, 0.14175683,\n",
       "        0.60374637, 0.62364177, 0.78855696, 0.87631896, 0.07874539],\n",
       "       [0.60115847, 0.81878691, 0.99581116, 0.60510715, 0.52068065,\n",
       "        0.75010163, 0.54843855, 0.53476029, 0.45895767, 0.46438718],\n",
       "       [0.13958269, 0.56989056, 0.15167515, 0.82723876, 0.04501131,\n",
       "        0.53995667, 0.0238156 , 0.05957711, 0.03661843, 0.43977059]])"
      ]
     },
     "execution_count": 8,
     "metadata": {},
     "output_type": "execute_result"
    }
   ],
   "source": [
    "row_indices = [1, 3, 5, 7, 9]\n",
    "A[row_indices]"
   ]
  },
  {
   "cell_type": "code",
   "execution_count": 9,
   "metadata": {},
   "outputs": [],
   "source": [
    "#3.4: perform a matrix multiplication of A with it's transposed\n"
   ]
  },
  {
   "cell_type": "code",
   "execution_count": 10,
   "metadata": {},
   "outputs": [
    {
     "data": {
      "text/plain": [
       "array([[3.81607939, 2.02778394, 2.08093472, 1.84611596, 2.16981328,\n",
       "        2.31148153, 2.46444814, 3.4035627 , 3.33732075, 1.32704073],\n",
       "       [2.02778394, 1.95568762, 1.23043171, 1.34373063, 1.60426895,\n",
       "        1.82331796, 1.58403504, 2.01584891, 2.46212226, 0.62982366],\n",
       "       [2.08093472, 1.23043171, 1.94124418, 1.43714757, 1.2350656 ,\n",
       "        1.65652429, 1.39917644, 2.60370576, 2.25017543, 1.08265782],\n",
       "       [1.84611596, 1.34373063, 1.43714757, 2.2777909 , 1.65545052,\n",
       "        1.04119697, 1.71419831, 2.64513707, 2.58496612, 1.47771404],\n",
       "       [2.16981328, 1.60426895, 1.2350656 , 1.65545052, 2.59404887,\n",
       "        1.67124204, 1.70589796, 2.41660025, 2.63153506, 1.37763137],\n",
       "       [2.31148153, 1.82331796, 1.65652429, 1.04119697, 1.67124204,\n",
       "        2.41226622, 1.35620063, 2.26954529, 2.5248654 , 0.61026515],\n",
       "       [2.46444814, 1.58403504, 1.39917644, 1.71419831, 1.70589796,\n",
       "        1.35620063, 2.38480965, 2.43610977, 2.72583049, 1.183609  ],\n",
       "       [3.4035627 , 2.01584891, 2.60370576, 2.64513707, 2.41660025,\n",
       "        2.26954529, 2.43610977, 4.23640983, 3.91333656, 1.89654803],\n",
       "       [3.33732075, 2.46212226, 2.25017543, 2.58496612, 2.63153506,\n",
       "        2.5248654 , 2.72583049, 3.91333656, 4.77879759, 1.84562302],\n",
       "       [1.32704073, 0.62982366, 1.08265782, 1.47771404, 1.37763137,\n",
       "        0.61026515, 1.183609  , 1.89654803, 1.84562302, 1.54402281]])"
      ]
     },
     "execution_count": 10,
     "metadata": {},
     "output_type": "execute_result"
    }
   ],
   "source": [
    "np.dot(A, A.T)"
   ]
  },
  {
   "cell_type": "code",
   "execution_count": 12,
   "metadata": {},
   "outputs": [],
   "source": [
    "#3.5: compute the matrix inverse of A\n"
   ]
  },
  {
   "cell_type": "code",
   "execution_count": 13,
   "metadata": {},
   "outputs": [
    {
     "name": "stdout",
     "output_type": "stream",
     "text": [
      "[[ 0.93306578 -1.50689491  2.5579806   1.46662897  1.41499399 -1.02596564\n",
      "  -0.8392814  -2.41047995  1.29140813 -2.0906045 ]\n",
      " [ 0.71833365  0.6705747   0.18042579 -0.05942431 -0.53141281 -0.90679338\n",
      "  -0.78826048 -0.29090172  0.56095002  0.5321397 ]\n",
      " [-0.38361037 -0.21635112 -1.58870962 -0.0470105  -0.5677754   0.88711194\n",
      "   0.38232497  2.15971687 -0.97758279  0.05377685]\n",
      " [-0.21377924  0.12386453  0.1739699   0.77191924  0.17040045  0.27892752\n",
      "   0.1152309  -0.50968571 -0.44751274  0.61859196]\n",
      " [-0.62566448  0.24249757  0.97154451 -0.2543469   0.12915875 -0.76908796\n",
      "   0.75936728 -0.00610402  0.35743003 -0.78296736]\n",
      " [-0.80679698 -0.21403416 -0.64523278 -1.02224545 -0.24071915  0.77878409\n",
      "   0.21674953  1.10257252  0.07859611  0.85376711]\n",
      " [-0.09555728  0.9109414  -0.53073793 -0.40363459  0.45148739 -0.55833843\n",
      "  -0.45273564  0.67966385  0.14483331 -0.35864362]\n",
      " [ 0.59570604  0.95889802  2.18087138 -0.33613615  0.60322291 -1.23944298\n",
      "  -0.56521694 -1.19426272 -0.00355304 -0.21593589]\n",
      " [-0.25215073 -0.60212387 -2.19009776  0.63760721 -1.29730902  2.60928512\n",
      "   0.87712021  0.54175875 -0.63838122  0.96295205]\n",
      " [ 0.30751332 -0.44020297 -0.21657796 -0.52885408  0.39901041 -0.22651083\n",
      "   0.62346283  0.08267704 -0.04514041  0.06608092]]\n"
     ]
    }
   ],
   "source": [
    "A_I = np.linalg.inv(A)\n",
    "print(A_I)"
   ]
  },
  {
   "cell_type": "code",
   "execution_count": 14,
   "metadata": {},
   "outputs": [],
   "source": [
    "#3.6: divide all entries of A which are lager than 0.5 by 2 (hint: use where() )"
   ]
  },
  {
   "cell_type": "code",
   "execution_count": 15,
   "metadata": {},
   "outputs": [],
   "source": [
    "#wenn A größer als 0.5, teile A durch 2, andernfalls lasse A im Array\n",
    "B = np.where(A > 0.5, A/2, A)"
   ]
  },
  {
   "cell_type": "code",
   "execution_count": 17,
   "metadata": {},
   "outputs": [
    {
     "name": "stdout",
     "output_type": "stream",
     "text": [
      "[[0.49726642 0.76315814 0.62499607 0.11355384 0.16330691 0.21726899\n",
      "  0.52696086 0.82322646 0.8057589  0.95098301]\n",
      " [0.13686215 0.28554527 0.07388105 0.28484671 0.44156073 0.10885588\n",
      "  0.88227868 0.5753119  0.66566734 0.09739751]\n",
      " [0.40102055 0.40431907 0.56887139 0.32403006 0.40557779 0.60409055\n",
      "  0.0181434  0.71973637 0.36322619 0.0929571 ]\n",
      " [0.42296273 0.64294057 0.51511349 0.95921515 0.4532527  0.13236693\n",
      "  0.39772275 0.00877207 0.3087574  0.15341044]\n",
      " [0.41165454 0.0264806  0.16323026 0.77518359 0.00263209 0.51118514\n",
      "  0.92563226 0.30425608 0.28515044 0.71016876]\n",
      " [0.43939881 0.0563623  0.21382946 0.02834793 0.14175683 0.60374637\n",
      "  0.62364177 0.78855696 0.87631896 0.07874539]\n",
      " [0.20007833 0.41714282 0.21497433 0.45044318 0.78650506 0.09073249\n",
      "  0.33227856 0.28777935 0.59027985 0.86785844]\n",
      " [0.60115847 0.81878691 0.99581116 0.60510715 0.52068065 0.75010163\n",
      "  0.54843855 0.53476029 0.45895767 0.46438718]\n",
      " [0.67620486 0.98849899 0.15784131 0.45367974 0.74476788 0.87587574\n",
      "  0.92056508 0.21565135 0.80777513 0.49536995]\n",
      " [0.13958269 0.56989056 0.15167515 0.82723876 0.04501131 0.53995667\n",
      "  0.0238156  0.05957711 0.03661843 0.43977059]] \n",
      "\n",
      "\n",
      "[[0.49726642 0.38157907 0.31249803 0.11355384 0.16330691 0.21726899\n",
      "  0.26348043 0.41161323 0.40287945 0.4754915 ]\n",
      " [0.13686215 0.28554527 0.07388105 0.28484671 0.44156073 0.10885588\n",
      "  0.44113934 0.28765595 0.33283367 0.09739751]\n",
      " [0.40102055 0.40431907 0.28443569 0.32403006 0.40557779 0.30204527\n",
      "  0.0181434  0.35986818 0.36322619 0.0929571 ]\n",
      " [0.42296273 0.32147029 0.25755675 0.47960757 0.4532527  0.13236693\n",
      "  0.39772275 0.00877207 0.3087574  0.15341044]\n",
      " [0.41165454 0.0264806  0.16323026 0.3875918  0.00263209 0.25559257\n",
      "  0.46281613 0.30425608 0.28515044 0.35508438]\n",
      " [0.43939881 0.0563623  0.21382946 0.02834793 0.14175683 0.30187318\n",
      "  0.31182089 0.39427848 0.43815948 0.07874539]\n",
      " [0.20007833 0.41714282 0.21497433 0.45044318 0.39325253 0.09073249\n",
      "  0.33227856 0.28777935 0.29513992 0.43392922]\n",
      " [0.30057924 0.40939345 0.49790558 0.30255357 0.26034033 0.37505081\n",
      "  0.27421928 0.26738015 0.45895767 0.46438718]\n",
      " [0.33810243 0.49424949 0.15784131 0.45367974 0.37238394 0.43793787\n",
      "  0.46028254 0.21565135 0.40388757 0.49536995]\n",
      " [0.13958269 0.28494528 0.15167515 0.41361938 0.04501131 0.26997834\n",
      "  0.0238156  0.05957711 0.03661843 0.43977059]]\n"
     ]
    }
   ],
   "source": [
    "print(A,\"\\n\\n\")\n",
    "print(B)"
   ]
  },
  {
   "cell_type": "code",
   "execution_count": null,
   "metadata": {},
   "outputs": [],
   "source": []
  }
 ],
 "metadata": {
  "kernelspec": {
   "display_name": "Python 3",
   "language": "python",
   "name": "python3"
  },
  "language_info": {
   "codemirror_mode": {
    "name": "ipython",
    "version": 3
   },
   "file_extension": ".py",
   "mimetype": "text/x-python",
   "name": "python",
   "nbconvert_exporter": "python",
   "pygments_lexer": "ipython3",
   "version": "3.7.6"
  }
 },
 "nbformat": 4,
 "nbformat_minor": 4
}
